58 85 108 109 175 230 304 338 423 432 462 499 514 580 707 875 
2 103 176 185 227 319 332 405 429 556 581 666 752 860 894 905 
277 322 385 429 439 507 519 547 643 778 817 840 868 873 902 967 
23 72 290 394 396 442 500 544 646 730 738 804 832 859 936 989 
35 137 181 189 252 431 435 481 508 610 614 704 864 866 964 997 
46 52 69 72 115 225 312 342 401 542 566 733 805 896 927 931 
17 67 70 234 383 542 573 582 588 722 758 889 932 938 940 975 
9 42 64 113 157 234 256 360 392 561 606 658 680 800 816 942 
35 312 454 546 613 622 633 647 671 707 731 732 762 773 836 837 
5 99 134 266 267 277 284 420 453 533 611 681 774 845 941 971 
67 134 262 322 395 449 476 540 588 590 616 664 665 777 930 969 
100 301 367 384 516 518 563 574 606 611 672 733 787 898 930 969 
103 105 117 205 274 360 377 442 446 566 686 691 820 852 884 938 
64 88 287 305 390 521 581 651 733 771 804 835 924 946 965 983 
7 190 196 213 224 297 306 335 394 440 483 771 837 907 950 997 
16 25 74 159 168 274 338 456 495 609 766 774 778 787 826 875 
48 151 257 286 293 328 368 451 481 499 518 708 762 815 943 951 
18 35 102 124 165 252 257 291 382 396 543 556 567 635 698 911 
60 153 175 259 313 361 425 461 471 724 767 816 864 967 968 979 
129 146 341 367 380 398 484 531 588 623 775 815 865 904 913 976 
100 141 177 211 232 397 400 431 436 449 524 688 756 870 885 921 
19 100 159 173 368 490 514 526 592 619 791 850 867 956 994 997 
68 217 264 341 352 381 461 495 589 617 672 730 743 809 828 833 
38 48 77 106 156 201 211 480 529 538 567 629 630 635 829 947 
138 182 197 219 220 385 471 493 560 652 665 696 721 751 835 958 
18 84 101 133 216 255 257 258 423 442 556 663 707 817 821 898 
55 150 163 168 193 332 462 626 634 644 670 831 904 913 919 933 
34 49 93 199 214 226 336 376 431 464 587 625 643 656 756 834 
21 121 285 352 372 504 506 538 602 682 696 850 911 918 930 952 
35 80 80 297 306 405 666 671 703 710 863 865 869 911 979 987 
29 65 150 220 373 490 511 559 593 631 702 713 759 795 823 916 
208 256 276 391 464 469 481 497 549 553 573 595 688 814 870 903 
0 73 119 193 209 287 407 417 470 554 646 691 706 719 736 844 
45 144 200 235 251 346 497 532 602 605 675 716 788 844 869 907 
276 355 362 387 430 477 597 650 699 701 708 714 793 916 975 995 
109 116 146 149 214 225 350 381 435 500 544 609 719 769 897 920 
51 130 143 203 298 351 423 627 629 629 651 670 680 804 869 956 
68 93 132 171 211 240 280 320 323 381 388 490 561 776 806 821 
7 88 111 113 158 191 418 428 446 516 761 766 788 809 851 936 
16 39 47 109 136 210 218 284 388 478 546 546 563 618 845 878 
81 101 304 305 311 341 360 463 533 535 599 624 673 765 825 875 
5 15 42 51 111 169 282 391 479 493 493 500 651 784 900 957 
48 92 224 278 309 341 375 452 470 502 504 521 599 806 876 971 
26 56 129 135 162 312 354 393 504 519 629 669 803 886 960 998 
35 164 190 254 308 310 336 406 527 556 565 651 706 734 836 904 
148 188 285 287 350 435 450 519 579 583 712 768 772 821 855 956 
11 14 15 37 175 311 348 351 366 402 450 469 507 537 692 817 
5 23 67 123 244 292 303 347 430 505 573 763 791 840 949 961 
154 243 337 516 557 575 583 679 686 690 787 865 868 964 976 984 
8 34 67 70 209 276 281 438 595 723 731 816 883 885 933 972 
138 276 361 381 445 587 602 644 682 854 854 861 889 918 923 962 
15 63 167 244 297 387 414 466 497 542 564 583 690 767 964 975 
117 121 132 142 180 238 273 384 402 457 653 771 775 892 903 978 
40 56 145 241 327 392 468 475 499 555 652 654 687 705 738 949 
36 58 164 180 204 230 555 572 614 663 735 777 857 909 941 973 
84 88 249 251 300 305 362 397 415 473 483 631 637 644 663 893 
185 313 340 352 360 387 424 428 483 676 692 731 834 871 895 927 
1 237 351 361 437 461 485 522 526 599 604 730 766 942 962 977 
42 72 134 162 253 295 374 382 442 567 580 668 682 682 810 846 
65 83 148 210 212 268 372 509 557 582 605 610 766 767 911 978 
11 53 99 129 289 380 384 405 614 658 682 773 907 976 977 985 
11 57 205 243 403 412 449 492 500 518 551 607 625 673 728 955 
75 141 216 268 373 469 479 579 629 695 729 863 887 970 984 988 
14 219 269 293 313 336 349 458 629 641 688 771 828 900 924 927 
26 48 170 214 251 337 507 589 605 636 730 743 782 911 945 967 
98 116 237 371 531 535 545 560 574 596 601 615 760 786 885 914 
2 36 46 75 146 216 410 541 557 559 574 600 622 657 704 941 
7 187 247 305 362 410 443 474 560 596 615 718 731 821 959 968 
1 8 45 257 313 569 604 613 715 723 728 769 814 942 996 999 
76 115 126 171 184 249 408 446 516 518 530 601 640 829 902 907 
310 316 325 331 389 488 569 643 644 658 678 719 722 740 741 842 
122 183 209 216 381 403 456 475 505 574 615 676 745 933 935 992 
118 176 250 265 276 327 390 499 671 675 799 862 878 923 928 955 
9 11 37 182 215 226 253 378 399 476 543 570 645 710 853 863 
39 49 173 245 288 290 494 564 570 658 671 683 688 715 889 916 
69 87 216 250 333 410 426 433 458 470 485 488 578 630 832 981 
96 308 366 394 435 484 505 660 695 724 783 784 807 847 937 946 
12 60 167 237 276 325 345 379 482 482 553 563 571 575 658 734 
76 123 258 289 398 436 445 547 682 688 737 743 891 941 959 990 
64 373 389 390 436 474 634 651 692 693 715 800 801 872 883 962 
1 251 303 380 398 446 513 522 532 542 598 692 697 814 850 855 
16 74 100 119 263 286 324 486 513 550 602 666 710 758 825 921 
30 61 89 151 156 272 422 442 687 758 782 838 888 894 955 981 
88 149 156 284 311 412 582 583 596 601 702 734 765 883 909 926 
6 50 67 72 124 178 257 269 288 335 367 749 760 809 832 852 
9 100 116 233 244 247 278 330 468 517 774 802 805 880 967 969 
22 148 306 346 379 418 424 546 615 637 659 750 776 826 844 925 
23 27 225 273 413 472 479 510 555 592 633 656 904 912 943 998 
42 47 53 103 203 216 280 343 400 421 426 439 557 643 853 921 
89 265 276 324 326 408 431 432 529 540 642 688 811 913 968 981 
9 91 97 139 183 297 330 373 407 477 545 640 704 782 816 962 
150 180 228 269 293 461 487 551 561 650 873 875 915 921 960 996 
15 140 247 283 320 427 483 538 636 644 697 739 812 925 933 970 
0 14 15 111 155 187 242 266 462 476 732 882 885 930 973 996 
17 111 142 161 209 340 419 482 534 573 656 699 714 755 763 904 
16 118 118 119 134 271 313 466 554 712 728 748 817 884 931 983 
35 156 174 326 390 392 412 445 465 482 578 627 823 864 872 951 
41 90 126 154 206 210 358 452 589 606 706 770 825 839 888 992 
31 207 221 373 382 523 700 779 789 795 831 903 908 916 952 977 
41 62 232 259 378 392 416 420 437 465 478 591 781 868 908 992 
