0 1 2 3 4 5 6 7 8 9
9 8 7 6 5 4 3 2 1 0
1 2 3 4 5 6 7 8 9 0
8 7 6 5 4 3 2 1 0 9
0 3 3 2 1 3 1 1 2 0
89 108 
-108 59 
33 -118 68 
-100 62 -55 
80 1 126 -84 101 -68 
98 -86 60 
36 36 120 
71 32 -51 -24 -28 -108 65 74 -84 -123 -6 
102 -28 -63 16 119 65 -7 98 -36 -123 -40 
8 
24 
125 -36 28 51 
35 -18 -19 120 106 -50 74 -42 116 38 72 84 
-91 -41 -105 0 54 -98 113 -102 -89 -125 -43 -99 -89 71 -5 -51 
25 31 78 39 86 -19 -59 120 91 41 
-74 -58 -81 -38 124 40 88 -79 -80 -116 115 -38 -53 
-107 2 83 81 -86 -102 
92 22 115 -85 -113 -20 -83 110 123 
-111 111 -3 17 48 -27 51 -117 
119 -30 -88 -68 -113 18 
117 1 -110 -100 -4 64 -96 71 -95 -82 -87 -103 
