1234 ""
1234 0
2147483647 01
2147483647 0123456
2147483647 0123456789
2147483647 0123456789abc
2147483647 0123456789abcdef
2147483647 quite
2147483647 ecol4210
100 01
100 0123456
100 0123456789
100 0123456789abc
100 0123456789abcdef
100 quite
100 ecol4210
10 01
10 0123456
10 0123456789
10 0123456789abc
10 0123456789abcdef
10 quite
10 ecol4210
1 01
1 0123456
1 0123456789
1 0123456789abc
1 0123456789abcdef
1 quite
1 ecol4210
0 01
0 0123456
0 0123456789
0 0123456789abc
0 0123456789abcdef
0 quite
0 ecol4210
-1 01
-1 0123456
-1 0123456789
-1 0123456789abc
-1 0123456789abcdef
-1 quite
-1 ecol4210
-10 01
-10 0123456
-10 0123456789
-10 0123456789abc
-10 0123456789abcdef
-10 quite
-10 ecol4210
-2147483648 01
-2147483648 0123456
-2147483648 0123456789
-2147483648 0123456789abc
-2147483648 0123456789abcdef
-2147483648 quite
-2147483648 ecol4210
