360 709 494 67 915 436 63 794 349 455 702 474 522 204 8 939 
360 709 494 67 915 436 63 794 349 455 702 474 522 204 8 939 
360 709 494 67 915 436 63 522 474 702 455 349 794 204 8 939 
360 709 494 67 915 436 63 522 349 455 702 474 794 204 8 939 
360 709 494 67 915 436 63 522 349 455 794 474 702 204 8 939 
360 522 63 436 915 67 494 709 349 455 794 474 702 204 8 939 
360 522 63 436 915 67 494 709 349 455 474 794 702 204 8 939 
360 522 63 436 915 67 494 709 349 455 474 794 702 204 8 939 
360 522 63 436 8 204 702 794 474 455 349 709 494 67 915 939 
360 522 455 474 794 702 204 8 436 63 349 709 494 67 915 939 
360 522 455 702 794 474 204 8 436 63 349 709 494 67 915 939 
360 522 455 702 794 474 204 494 709 349 63 436 8 67 915 939 
360 522 455 702 794 474 204 494 709 349 63 8 436 67 915 939 
360 494 204 474 794 702 455 522 709 349 63 8 436 67 915 939 
360 494 204 474 794 702 455 709 522 349 63 8 436 67 915 939 
360 204 494 474 794 702 455 709 522 349 63 8 436 67 915 939 
360 204 8 63 349 522 709 455 702 794 474 494 436 67 915 939 
63 8 204 360 349 522 709 455 702 794 474 494 436 67 915 939 
63 8 204 360 349 522 709 455 915 67 436 494 474 794 702 939 
494 436 67 915 455 709 522 349 360 204 8 63 474 794 702 939 
494 436 349 522 709 455 915 67 360 204 8 63 474 794 702 939 
494 436 349 522 709 455 915 67 360 204 8 63 474 794 702 939 
494 436 349 522 709 455 915 67 360 204 8 63 474 794 702 939 
494 436 349 522 709 455 915 67 360 204 8 63 474 794 702 939 
494 436 349 522 709 455 915 67 360 204 8 63 474 794 702 939 
494 436 349 522 709 455 915 67 360 204 63 8 474 794 702 939 
494 436 349 522 709 455 915 67 360 63 204 8 474 794 702 939 
494 67 915 455 709 522 349 436 360 63 204 8 474 794 702 939 
494 67 709 455 915 522 349 436 360 63 204 8 474 794 702 939 
8 204 63 360 436 349 522 915 455 709 67 494 474 794 702 939 
8 204 63 360 67 709 455 915 522 349 436 494 474 794 702 939 
8 204 63 360 67 709 455 474 494 436 349 522 915 794 702 939 
8 204 63 360 67 709 915 522 349 436 494 474 455 794 702 939 
8 204 63 360 67 494 436 349 522 915 709 474 455 794 702 939 
8 204 63 360 67 709 915 522 349 436 494 474 455 794 702 939 
8 522 915 709 67 360 63 204 349 436 494 474 455 794 702 939 
8 522 915 709 794 455 474 494 436 349 204 63 360 67 702 939 
8 522 915 709 794 455 474 494 436 349 204 63 360 67 702 939 
436 494 474 455 794 709 915 522 8 349 204 63 360 67 702 939 
436 494 474 455 794 709 915 522 8 349 204 63 360 67 702 939 
436 494 474 455 67 360 63 204 349 8 522 915 709 794 702 939 
436 349 204 63 360 67 455 474 494 8 522 915 709 794 702 939 
436 349 794 709 915 522 8 494 474 455 67 360 63 204 702 939 
436 349 794 709 915 522 8 494 474 455 67 360 63 204 702 939 
436 349 709 794 915 522 8 494 474 455 67 360 63 204 702 939 
436 349 709 794 915 522 8 494 474 455 67 360 63 204 702 939 
436 349 709 794 915 522 63 360 67 455 474 494 8 204 702 939 
436 349 709 794 915 522 494 474 455 67 360 63 8 204 702 939 
436 349 67 455 474 494 522 915 794 709 360 63 8 204 702 939 
436 349 67 455 474 494 522 915 794 709 360 63 8 204 702 939 
436 349 8 63 360 709 794 915 522 494 474 455 67 204 702 939 
436 915 794 709 360 63 8 349 522 494 474 455 67 204 702 939 
204 67 455 474 494 522 349 8 63 360 709 794 915 436 702 939 
204 8 349 522 494 474 455 67 63 360 709 794 915 436 702 939 
67 455 474 494 522 349 8 204 63 360 709 794 915 436 702 939 
67 455 474 494 522 349 204 8 63 360 709 794 915 436 702 939 
67 455 474 494 522 63 8 204 349 360 709 794 915 436 702 939 
474 455 67 494 522 63 8 204 349 360 709 794 915 436 702 939 
474 455 709 360 349 204 8 63 522 494 67 794 915 436 702 939 
474 455 709 360 349 204 702 436 915 794 67 494 522 63 8 939 
474 455 709 360 349 204 702 436 915 794 67 494 522 63 8 939 
474 455 709 360 349 204 702 436 915 794 67 63 522 494 8 939 
474 455 360 709 349 204 702 436 915 794 67 63 522 494 8 939 
474 455 360 709 349 204 702 522 63 67 794 915 436 494 8 939 
474 455 360 709 349 204 63 522 702 67 794 915 436 494 8 939 
474 455 360 709 436 915 794 67 702 522 63 204 349 494 8 939 
474 455 360 709 436 63 522 702 67 794 915 204 349 494 8 939 
474 455 360 709 436 204 915 794 67 702 522 63 349 494 8 939 
474 455 360 349 63 522 702 67 794 915 204 436 709 494 8 939 
474 455 360 349 63 522 702 67 794 915 204 709 436 494 8 939 
474 455 360 349 63 494 436 709 204 915 794 67 702 522 8 939 
474 455 360 349 63 494 436 709 204 915 794 67 702 522 8 939 
474 455 522 702 67 794 915 204 709 436 494 63 349 360 8 939 
474 455 522 702 67 794 709 204 915 436 494 63 349 360 8 939 
474 455 522 702 63 494 436 915 204 709 794 67 349 360 8 939 
474 455 522 702 63 494 436 915 204 709 794 67 349 360 8 939 
474 494 63 702 522 455 436 915 204 709 794 67 349 360 8 939 
474 494 63 702 522 455 436 915 204 709 794 67 349 360 8 939 
474 494 63 702 522 455 436 915 204 709 794 67 349 360 8 939 
474 494 63 702 522 455 436 915 204 709 794 67 349 360 8 939 
474 494 63 702 360 349 67 794 709 204 915 436 455 522 8 939 
474 494 63 702 360 8 522 455 436 915 204 709 794 67 349 939 
474 494 63 915 436 455 522 8 360 702 204 709 794 67 349 939 
474 494 63 915 436 455 204 702 360 8 522 709 794 67 349 939 
474 494 63 915 436 455 204 702 360 8 522 709 794 67 349 939 
474 494 455 436 915 63 204 702 360 8 522 709 794 67 349 939 
474 494 455 436 794 709 522 8 360 702 204 63 915 67 349 939 
474 494 455 436 794 709 522 8 360 204 702 63 915 67 349 939 
474 494 455 436 794 709 349 67 915 63 702 204 360 8 522 939 
474 494 455 436 63 915 67 349 709 794 702 204 360 8 522 939 
474 494 455 436 63 915 67 349 709 794 702 204 360 8 522 939 
474 494 204 702 794 709 349 67 915 63 436 455 360 8 522 939 
474 494 709 794 702 204 349 67 915 63 436 455 360 8 522 939 
360 455 436 63 915 67 349 204 702 794 709 494 474 8 522 939 
360 455 436 63 915 67 349 204 702 794 709 494 474 8 522 939 
360 455 436 63 915 8 474 494 709 794 702 204 349 67 522 939 
360 455 436 522 67 349 204 702 794 709 494 474 8 915 63 939 
360 455 522 436 67 349 204 702 794 709 494 474 8 915 63 939 
8 474 494 709 794 702 204 349 67 436 522 455 360 915 63 939 
8 474 494 709 794 67 349 204 702 436 522 455 360 915 63 939 
