0 1 2 3 4 5 6 7 8 9
58 -74 -57 39 -1 48 -109 70 76 -28 
-7 36 
12 -82 107 -120 104 53 21 -89 -70 -78 36 21 81 -70 124 -79 
-118 63 -50 -74 -124 -44 -26 -60 5 
-65 -25 124 -68 50 -42 37 66 39 
51 -36 30 50 -90 96 
-91 -62 11 53 -118 -111 -86 0 -77 34 -75 
78 102 21 7 30 86 -106 13 -19 
47 76 78 -97 -123 85 -3 60 -20 15 -94 -39 
10 -15 109 -58 25 -15 
-2 -16 -10 -25 
-70 42 80 -71 71 
104 107 -121 
19 36 -4 48 55 97 49 -71 63 -40 
-73 105 96 -57 4 -32 
105 -64 34 -121 57 102 61 
-41 -79 106 -117 35 -84 -49 1 -24 112 -47 24 -37 114 
58 116 -103 -50 -28 52 -21 91 -11 -13 
81 78 -111 46 
-96 -33 -114 120 8 
125 15 -39 -106 26 -93 
